0.000976562	0.926061	-0.384678	0.452999	-0.495923	0.0654361	-0.330745
0.000976562	-0.512433	0.104275	-0.226575	-0.137377	0.0825659	0.971416
0.000976562	-0.498295	0.0300429	-0.118402	-0.157577	0.131251	-0.549811
0.000976562	0.0110531	0.825651	0.26888	-0.369624	-0.306111	-0.657364
0.000976562	0.147894	-0.520574	-0.0162834	-0.329456	0.205627	-0.642615
0.000976562	-1.47921	1.04519	-0.0483413	0.415778	0.38148	0.049531
0.000976562	0.0804891	0.0394643	0.062716	1.11831	-0.561379	0.213306
0.000976562	0.362491	0.976566	-0.503269	-0.28927	0.430315	0.450665
0.000976562	0.54189	1.60752	-0.8108	-0.288142	0.321662	-0.205242
0.000976562	0.0757082	-0.431299	-0.0645879	0.540864	0.419817	0.596461
0.000976562	-0.397686	-0.0589636	-0.019658	0.421641	-0.270736	0.478381
0.000976562	0.303697	-0.930001	0.475424	-0.733882	-0.25923	0.805087
0.000976562	-0.460696	0.902811	-0.127628	0.0410425	-0.0437349	-0.203865
0.000976562	-0.0541186	0.190994	-0.081236	-0.319215	0.256286	-0.0972305
0.000976562	0.117093	-0.643103	0.614698	-0.188745	-0.0609633	0.31308
0.000976562	0.356269	-0.163112	-0.0234134	-0.372304	0.301855	-0.771198
0.000976562	-0.228278	-0.174269	0.044667	-0.171292	-0.106533	-0.620928
0.000976562	0.0417984	-0.422539	0.028648	0.193986	-0.353458	0.291881
0.000976562	-0.700023	0.416852	-0.312888	0.242068	-0.211766	0.0520062
0.000976562	0.0340887	0.38815	2.08652	0.232079	0.0141272	-0.0664899
0.000976562	-0.082924	-0.316121	-0.150277	-0.238034	0.0352481	-0.265417
0.000976562	0.17884	-0.281367	-0.474139	0.124127	-0.658726	-0.629898
0.000976562	0.0521865	-0.35567	0.234454	0.216573	-0.47284	-0.33361
0.000976562	0.677655	-0.780722	0.651311	0.266964	0.507779	-0.0835353
0.000976562	0.425859	0.209334	0.179865	-0.34542	0.319272	0.0841213
0.000976562	0.644695	0.364578	0.914302	-0.125473	0.658484	0.136488
0.000976562	-0.139222	-0.519603	-0.438723	0.116906	0.0552477	-0.679502
0.000976562	-0.0596561	-0.0576689	-0.584642	0.142066	-0.0453121	-0.233239
0.000976562	-0.148788	-0.11783	-0.391226	0.275602	0.296533	-0.313855
0.000976562	-0.0682272	0.195326	0.61287	-0.739424	0.709286	-0.714124
0.000976562	-0.31094	0.278202	-0.0487685	-0.542612	0.351757	0.388478
0.000976562	0.385437	1.33937	-0.385954	0.187203	0.0205277	-0.397639
0.000976562	0.464831	0.106331	0.0582113	0.912186	0.837152	0.406509
0.000976562	0.631962	-0.35932	-0.0557775	-0.00782303	0.0547862	0.566064
0.000976562	0.255079	-0.0978263	-0.472613	0.0776062	0.444034	0.491282
0.000976562	-0.120733	0.565799	-0.293699	-0.153656	-0.178346	0.630493
0.000976562	-0.170986	-0.198493	0.43135	0.463711	0.920353	0.16257
0.000976562	0.267242	-0.0343884	0.282275	0.624772	-0.00442829	-0.203751
0.000976562	0.165601	-0.734841	-0.408952	0.0454209	0.0154796	0.387392
0.000976562	0.768074	0.0726391	0.0124553	-0.0952132	-0.316602	0.572751
0.000976562	-0.0673104	-0.0941883	-0.18252	1.51693	0.0980226	-0.263444
0.000976562	0.603311	0.117783	-0.0841571	0.525545	0.724308	-0.877408
0.000976562	0.0680703	0.0824147	-0.0151768	-0.0672135	-0.604	1.16674
0.000976562	1.03632	-0.26766	-1.85331	-0.15556	-0.440712	-0.0625511
0.000976562	0.00171032	0.191861	-0.264944	0.910213	0.183985	-0.00394324
0.000976562	0.255005	-0.342716	-0.142989	-0.139397	-0.214908	-0.293604
0.000976562	0.657321	-0.586487	0.346775	0.223381	-0.199386	0.433371
0.000976562	1.47156	1.73161	0.474788	-0.29699	-0.204683	-0.409413
0.000976562	-0.241559	-0.0890322	-0.531805	0.544878	-0.398947	-0.314646
0.000976562	-0.125844	0.368896	0.395875	-0.332687	0.231626	-0.36297
0.000976562	0.405427	-0.303806	-0.179079	-0.987079	0.270182	-0.29216
0.000976562	-0.423484	0.333612	-0.264354	0.204366	0.639447	0.113993
0.000976562	-0.248092	1.22021	1.29939	-0.554423	-0.276888	0.0912761
0.000976562	-0.31503	-0.317953	0.104215	0.578849	-0.122528	-0.361859
0.000976562	0.205818	0.0912617	-0.328301	-0.471956	-1.06762	-0.136053
0.000976562	-0.056785	-0.733482	0.380896	-0.705884	0.690495	0.0183494
0.000976562	0.23881	-0.202174	0.282476	0.492361	-0.45493	0.221086
0.000976562	0.434596	-0.0177411	0.177998	-0.813462	-0.350217	-0.104214
0.000976562	0.298378	-0.0235756	0.064231	-0.823184	-0.0394659	0.000613862
0.000976562	0.432925	-0.432445	0.0372434	-0.535022	0.060855	-1.17242
0.000976562	0.250169	-0.211585	-0.212551	-0.0936296	0.635617	-0.107897
0.000976562	0.035814	1.37683	-0.429778	0.365034	0.0937633	-0.114272
0.000976562	1.94128	-1.23444	-0.290623	0.16767	0.524672	0.28503
0.000976562	1.58679	-0.229652	-0.29693	0.062098	0.266181	-0.054749
0.000976562	-3.84106	-5.09597	-2.10109	-0.310872	-0.0222318	-0.0928865
0.000976562	-0.825423	-1.98187	1.72667	-0.0475613	0.394163	-0.103198
0.000976562	0.33426	-0.898761	0.127404	0.565338	0.43917	0.21497
0.000976562	-0.24578	-0.955405	0.895747	-0.294861	-0.223765	-0.226295
0.000976562	0.280783	0.407012	0.724475	-0.115165	0.0945106	-0.574937
0.000976562	-0.319954	-0.965963	1.00067	0.162455	-0.237503	-0.471076
0.000976562	2.05979	0.476526	-0.221713	0.0549197	-0.078279	-0.323356
0.000976562	0.0740119	0.149081	-1.16843	-0.118438	0.147137	-0.402853
0.000976562	-0.017547	0.00449848	-1.2779	-0.298583	-0.180342	0.307271
0.000976562	-0.0430676	-0.62622	-0.293837	0.238796	0.0977505	-0.226895
0.000976562	0.0109422	0.059974	0.12603	-0.134979	0.0284308	0.554649
0.000976562	0.03363	-0.696153	-0.0878844	-0.155927	0.396924	0.266408
0.000976562	-0.178269	-1.21466	0.0670594	-0.0870919	-0.184236	-0.580126
0.000976562	0.11107	0.596904	0.0185376	0.54993	0.559374	0.488
0.000976562	0.0923681	-0.129775	-0.608737	-0.705977	0.0943948	0.10039
0.000976562	-1.01234	0.440247	0.50308	-0.178161	0.0192613	0.330479
0.000976562	-0.364532	0.114724	-0.730619	-0.120372	0.282465	-0.823052
0.000976562	-0.154411	-1.13324	-0.352018	0.1602	0.0998473	-0.00954047
0.000976562	-0.0141575	0.114143	-0.41162	-0.492177	0.347927	-0.568116
0.000976562	-0.326609	0.473568	0.428028	-0.20411	0.0218339	0.343631
0.000976562	-0.145294	0.400417	-0.221663	0.206249	-0.0930931	-0.411118
0.000976562	-0.307841	-0.746335	0.218087	-0.639126	-1.15651	0.343396
0.000976562	-0.105737	-0.0925168	0.260501	1.09797	-0.360013	0.398389
0.000976562	-0.195493	-0.154871	-3.39458	-0.0216168	-0.24912	0.137195
0.000976562	0.132644	0.80501	0.366057	0.0407019	0.494508	0.0261385
0.000976562	0.563303	0.131622	0.0595567	-0.0170203	-0.5537	0.0328861
0.000976562	-0.195814	0.259496	-0.1164	0.0037677	-0.0673955	0.732746
0.000976562	0.0592324	-0.276484	0.115742	-0.232471	-0.102294	-0.515647
0.000976562	0.316958	0.578827	0.400133	0.317972	0.633662	0.274616
0.000976562	-0.0271331	0.226957	-0.0814086	-0.0504898	-0.711378	0.547935
0.000976562	-1.1436	-0.440683	1.21883	0.739973	-0.0390096	-0.0772936
0.000976562	0.0505683	0.0519044	-0.704819	0.232202	-0.131422	-0.271366
0.000976562	-0.578215	0.565747	0.333664	-0.590721	0.0418131	-0.0271698
0.000976562	0.152495	-1.00379	-0.590095	-0.400703	0.222464	-0.20981
0.000976562	0.147406	0.00645773	-0.0209182	0.670157	0.412124	0.659312
0.000976562	0.0358509	0.517177	-0.378134	-0.579805	0.0195757	0.664746
0.000976562	0.583375	0.158225	1.15581	-0.128733	-0.416758	-0.660172
0.000976562	0.125445	-0.247407	-0.0842165	0.55565	-0.635996	0.313938
0.000976562	1.0437	-0.21077	-0.131506	-0.551605	-0.114876	0.339783
0.000976562	0.109109	-0.751855	-0.391011	-0.128998	-0.249988	-0.358361
0.000976562	-1.01451	0.556916	1.44406	-0.0140939	0.245023	0.207346
0.000976562	0.0425404	-0.123478	0.388119	0.325526	-0.843428	-0.576803
0.000976562	0.0955338	-0.050642	-0.0594517	0.854269	-0.109987	0.762762
0.000976562	-0.4201	0.074946	0.284215	0.440852	-0.452979	-0.207417
0.000976562	0.127791	0.364315	0.0727397	-0.117165	0.233656	-0.194809
0.000976562	-0.158202	-0.745542	-0.832809	0.338736	-0.151411	0.4391
0.000976562	-0.303516	0.0852567	0.516108	0.816993	-0.476752	0.264385
0.000976562	0.155187	-0.228073	0.19388	-0.512901	-0.370511	-0.344089
0.000976562	-0.623892	-0.54538	0.0506319	0.709932	-0.233383	0.100764
0.000976562	0.0648057	-0.755179	0.143828	-0.792835	0.328526	-0.305594
0.000976562	0.0439092	0.515513	-0.35851	-0.243042	-0.337875	0.529431
0.000976562	-1.41529	-0.0517722	0.0436042	-0.268683	0.155623	0.413882
0.000976562	0.235774	-0.601655	-0.395953	0.490264	0.260906	0.0848865
0.000976562	0.324327	0.405476	0.221406	-0.222309	-0.184058	0.221398
0.000976562	0.0190041	-0.148309	-0.399237	0.101628	0.25555	-0.287267
0.000976562	-0.0293804	-0.175682	0.164612	0.56822	0.0961677	-0.762472
0.000976562	0.29785	-0.536036	-0.078298	-0.324581	-0.019307	-0.388004
0.000976562	0.0976027	0.0301183	-0.0144259	-0.384833	-0.234994	-0.0500433
0.000976562	-0.161051	-0.495045	-0.164983	0.966778	-0.563553	-0.243606
0.000976562	-0.214958	-0.136891	-0.0134872	0.0671785	0.158684	0.171826
0.000976562	0.434097	-0.866232	-0.432566	0.849492	0.0245195	0.196055
0.000976562	0.112986	-0.174698	0.235857	-0.111607	-0.544977	0.222598
0.000976562	0.174608	0.121953	-0.25631	0.930545	-0.0419708	-0.134454
0.000976562	1.32259	0.164306	1.53727	0.0708568	-0.0335098	0.466065
0.000976562	-0.451702	1.37705	2.22421	0.139195	-0.208489	0.231824
0.000976562	0.223013	-0.00506842	-0.175421	-0.0446478	-0.0193626	-0.200963
0.000976562	-0.146121	-0.326853	-0.341384	0.0421136	-0.121152	0.272268
0.000976562	0.118778	-0.307515	0.363331	-0.116042	0.361825	-0.0677437
0.000976562	0.0133439	-0.048237	0.0357073	0.956514	-0.295507	-0.403214
0.000976562	0.939929	0.0680018	1.26457	-0.135115	-0.224279	-0.0811394
0.000976562	3.78187	-3.49508	6.19987	-0.186456	-0.0528277	0.151205
0.000976562	0.0302663	0.491429	0.609342	-0.25884	-0.356457	-0.139857
0.000976562	-0.288654	0.170207	0.856921	1.05949	-0.0918895	0.0598118
0.000976562	0.0226359	0.561893	-0.0948812	-0.152399	-0.335184	0.0207936
0.000976562	-1.75892	2.27147	-2.5831	0.0661808	-0.489477	-0.119833
0.000976562	-0.209312	-0.189184	-0.334287	-0.28944	0.512598	-0.173141
0.000976562	0.420965	0.153128	-0.246712	0.0533487	-0.484652	0.348817
0.000976562	0.077891	-0.601954	-0.756671	-0.0630085	0.0628243	-0.165871
0.000976562	-0.0749635	0.109235	-0.894898	-0.136504	0.0792724	0.487386
0.000976562	0.184336	0.137956	-0.0224068	-0.188955	-0.519772	-1.16231
0.000976562	1.05028	1.14287	0.441271	0.608048	-0.0914675	-0.11378
0.000976562	-0.0953342	-0.744138	0.390374	0.489277	-0.370139	0.151481
0.000976562	0.30757	0.108626	0.474469	0.25858	-0.381652	0.218758
0.000976562	0.321067	-0.604716	0.842608	-0.110422	0.0359457	0.169488
0.000976562	-0.211985	-0.60519	-0.764635	-0.136632	-0.135473	-0.878233
0.000976562	-0.0394905	-0.202049	-0.094331	0.167979	0.803445	-1.0175
0.000976562	-1.32343	-0.521508	0.126945	-0.576312	-0.0634064	0.0125288
0.000976562	1.74619	-2.49078	-0.427214	0.217448	0.2242	-0.45203
0.000976562	0.646816	-0.256538	-3.55546	0.21763	0.229117	0.0991282
0.000976562	-0.297633	-0.36108	-0.114076	0.126981	0.860013	0.0114553
0.000976562	0.257347	0.471217	0.190094	-0.0249852	0.687335	0.119076
0.000976562	-0.0810799	-0.523932	-0.393836	0.112255	-0.401211	-0.540642
0.000976562	0.747494	-0.243271	0.23858	-0.177854	-0.401737	0.412773
0.000976562	-0.199038	-0.0715956	0.206415	-0.315226	0.107972	0.817831
0.000976562	0.255557	1.68439	-1.76513	-0.351138	0.151855	0.204357
0.000976562	-0.255565	-0.0389471	-1.11328	-0.626635	-0.279035	-0.0459105
0.000976562	0.679739	0.202957	-0.87689	-0.208428	-0.452576	-0.578005
0.000976562	-0.82962	0.319951	0.409769	0.399302	0.396317	-0.0451921
0.000976562	-0.211858	-0.37177	0.267354	0.357068	0.00659328	-0.291673
0.000976562	-0.0403192	0.607941	-0.379405	-0.417776	0.475024	0.436549
0.000976562	1.43274	-0.73211	2.67369	0.0912419	0.0954326	0.0190857
0.000976562	0.726208	-0.389701	0.0233021	-0.716628	0.143157	0.465198
0.000976562	-0.100081	0.31428	0.443932	-0.215707	0.041342	-0.317014
0.000976562	-4.74736	-0.297122	1.75137	-0.040551	-0.0653687	-0.0287213
0.000976562	-0.322156	-0.910971	-0.132963	-0.00896025	0.14928	0.658351
0.000976562	0.580301	-0.964427	0.351355	0.45436	0.0736222	0.742939
0.000976562	0.314761	0.354342	-0.172878	-0.436899	-0.129209	-0.346372
0.000976562	-0.711507	0.725848	0.150928	-0.401002	0.067518	-0.565997
0.000976562	0.175727	0.237571	-0.505895	0.204987	-0.939782	-0.470116
0.000976562	0.258767	-0.487188	-0.541049	0.19338	-0.276143	-0.0796165
0.000976562	0.0114327	-0.255309	-0.218632	0.366869	-0.49603	0.190162
0.000976562	-0.559628	0.0140211	0.0710279	-0.192519	0.132069	-0.511114
0.000976562	-0.341341	-1.65791	0.893686	0.543741	0.090717	-0.333263
0.000976562	1.3034	-0.664029	-0.14352	-0.213773	0.0217497	0.709081
0.000976562	-0.251432	-0.252358	-0.18476	-0.0540598	-0.0753387	0.256986
0.000976562	0.177029	-0.612632	-0.0380994	0.0810835	-0.0807033	0.230782
0.000976562	-0.259975	-0.256749	-0.711827	0.326439	-0.290269	-0.731601
0.000976562	0.021223	-0.332459	0.112203	0.369616	-0.346304	-0.00622143
0.000976562	0.0989393	-0.828764	-0.0479953	0.324282	0.0198829	0.191501
0.000976562	-7.72606	-1.63978	4.587	0.0690359	0.0718468	0.288062
0.000976562	-0.265848	0.383058	0.332239	0.0194464	0.32686	-0.668157
0.000976562	-0.764204	0.551441	0.658227	0.601802	-0.290062	-0.0157074
0.000976562	0.177641	-0.497446	0.654389	0.0813451	-0.122583	-0.133413
0.000976562	-0.65066	-0.362614	-1.41124	-0.4548	-0.113444	0.328061
0.000976562	-0.15344	0.338924	0.288275	-0.525335	0.69031	0.291214
0.000976562	-0.300006	0.140863	-0.0724362	-0.281628	-1.22354	-0.375676
0.000976562	0.214661	0.370734	0.0941176	0.917746	0.53326	0.316139
0.000976562	0.135972	0.0238238	-0.559924	0.161751	0.216444	-0.555996
0.000976562	-0.339136	-0.00328019	0.0764306	-0.28664	-0.214797	0.400437
0.000976562	0.213322	-0.0418389	-0.0592628	-0.303745	0.555319	-0.65682
0.000976562	-0.0929405	0.178243	0.483444	0.644481	0.409581	-0.196934
0.000976562	0.0804398	-0.789009	-0.0142734	-0.222322	0.109326	-0.107059
0.000976562	0.527244	0.582499	-0.0102958	0.0226174	0.350817	0.244706
0.000976562	-1.05757	0.958862	1.02122	-0.45697	-0.426575	0.169007
0.000976562	-0.181987	-0.575221	-0.401752	0.0559588	-0.733284	0.37837
0.000976562	0.0764678	-0.200954	-0.0763794	-0.857951	0.208186	0.311822
0.000976562	-0.396225	0.458403	0.694872	-0.13029	-0.062514	0.168853
0.000976562	0.014834	-0.251873	0.0276992	-0.0633413	-0.0813381	-1.06883
0.000976562	-0.0840252	-0.330682	0.0233655	1.09128	0.115433	0.366072
0.000976562	0.137476	0.637559	0.223856	-0.109014	0.0732313	0.044551
0.000976562	-0.478867	0.0992861	-1.04836	-0.101484	-0.0439209	-0.208789
0.000976562	-0.463276	0.120338	0.000303653	0.893459	0.686133	-0.00109066
0.000976562	-0.831401	1.12555	-1.07875	0.318214	0.533441	0.352866
0.000976562	-0.180539	0.777419	-0.245469	-0.722653	-0.397411	0.110684
0.000976562	-0.337831	-0.114598	-0.39615	0.185604	0.314475	-0.211099
0.000976562	-0.591807	0.0138449	0.0993229	-0.025713	0.72294	-0.62013
0.000976562	0.369512	0.205355	0.291287	-0.800011	0.702814	0.0711174
0.000976562	-0.0371841	-0.363239	0.0995461	-0.0170273	0.754116	0.29161
0.000976562	-0.214503	0.717072	0.364148	-0.157548	-0.265685	0.200359
0.000976562	-1.26114	-0.864973	0.159312	-0.57729	0.269117	0.0330546
0.000976562	0.467277	-0.331017	-0.426353	-0.451369	0.86268	-0.052933
0.000976562	0.781119	0.0530512	-0.287703	-0.183212	0.732645	-0.0348545
0.000976562	0.0839	0.0866809	-0.211366	0.312316	0.570306	0.158052
0.000976562	-0.331737	-0.972421	0.492851	-0.608896	0.224655	-0.119706
0.000976562	0.224317	0.617597	-0.402156	0.152292	0.226412	0.448317
0.000976562	-0.0848623	-0.389338	-0.109571	0.222702	0.325942	-0.176767
0.000976562	-0.284317	-0.365228	0.0235914	0.435326	0.953474	-0.117289
0.000976562	-0.260623	0.160002	-0.798518	-0.235708	-0.194542	-0.533484
0.000976562	0.0196188	-0.221187	0.027007	1.16431	0.488234	-0.380089
0.000976562	-0.424234	-0.678994	-0.0316453	0.265282	0.530947	0.60785
0.000976562	3.89347	1.21791	-1.39544	0.145564	-0.0277025	0.303839
0.000976562	-0.088801	0.21152	-0.482311	-0.46855	-0.310636	0.423088
0.000976562	1.23971	-0.319023	-0.111261	-0.225242	0.194108	-0.190819
0.000976562	0.310453	0.549517	0.522801	-0.772828	-0.159672	0.297091
0.000976562	0.3584	-0.175315	0.0223776	-0.464409	0.60113	-0.0384811
0.000976562	-0.583769	-0.0515568	-0.0773243	-0.343831	-0.997657	0.304394
0.000976562	0.690338	-1.29052	0.652136	-0.0863256	0.0977849	-0.118343
0.000976562	-0.167539	-0.444163	0.29961	-0.290592	0.204891	-0.128341
0.000976562	0.0926139	-0.210807	0.0281836	0.801265	0.16774	0.694043
0.000976562	-0.446093	0.809717	-0.490007	0.326346	0.0248532	-0.0572665
0.000976562	0.132747	0.320794	-0.305535	-0.197069	0.49418	0.113944
0.000976562	-0.165796	1.2557	0.071788	0.25832	0.237987	0.423986
0.000976562	0.417172	0.122939	-0.263081	-0.379182	-0.0941386	0.044393
0.000976562	-0.101106	0.463944	-0.184274	0.126413	-0.1952	-0.902871
0.000976562	0.893339	-1.07463	-0.312847	0.334326	0.508831	-0.269493
0.000976562	0.0439709	0.0738504	-0.169028	0.452275	0.212111	-0.521512
0.000976562	0.585046	0.871926	-0.459875	-0.858106	0.0463615	0.164706
0.000976562	0.00307793	0.148145	0.199947	0.0667308	0.541746	0.568078
0.000976562	-0.128663	0.176659	0.252449	-0.307013	0.810629	-0.334626
0.000976562	-0.261568	0.0622389	-0.0144901	-0.12888	0.291974	-0.544898
0.000976562	-0.114934	-0.160212	-0.28125	0.801965	-0.0586639	-0.519353
0.000976562	0.0195216	-0.0370267	0.225796	0.323339	0.663565	-0.179347
0.000976562	0.0443506	-1.57059	0.607587	-0.0429875	0.102385	0.187116
0.000976562	0.290692	-0.582974	0.00154822	0.0597584	0.656807	-0.370089
0.000976562	-0.242284	0.203381	1.205	0.166655	0.321702	-0.139654
0.000976562	0.228856	-0.0747424	-0.396737	0.892233	0.321997	0.348568
0.000976562	-0.673659	0.927922	0.847404	-0.118803	-0.641365	-0.0540911
0.000976562	-0.394059	0.306966	0.219082	0.384206	0.454839	0.414864
0.000976562	0.126423	-0.210933	-0.439826	0.0811145	-0.0983029	-0.567092
0.000976562	0.34734	-0.0784792	0.0587507	0.872687	-0.256735	0.380957
0.000976562	0.392311	-0.61975	-0.498831	-0.0717521	0.539715	-0.467337
0.000976562	-0.314068	-0.149503	-0.447534	-0.30519	0.0420581	0.481039
0.000976562	-0.720055	-0.0551911	0.20722	0.0490329	0.120395	0.0965106
0.000976562	-0.032914	-0.147368	-0.224286	-0.989859	-0.187867	0.193785
0.000976562	-0.314663	-0.362218	0.465377	-0.751917	-0.226186	-0.0324452
0.000976562	-0.102233	-0.0337978	-0.372791	-0.0785198	-0.0199533	-0.304766
0.000976562	1.06877	1.93036	-1.96363	-0.117754	0.108618	0.187723
0.000976562	0.509672	-0.21504	-0.0706746	-1.03316	-0.0410743	0.103682
0.000976562	-4.97124	2.94005	4.42312	0.0717521	0.0361152	-0.0233564
0.000976562	0.716756	1.49076	-0.643132	-0.114275	0.0437253	0.188188
0.000976562	-0.145137	0.0151432	0.751468	0.0802944	-0.2482	0.556859
0.000976562	0.547553	-0.0373069	0.149538	-0.408449	0.809904	0.342361
0.000976562	1.00457	-1.32028	-3.10911	-0.049486	-0.0985476	-0.0874931
0.000976562	0.182587	0.547219	-0.192708	-0.398635	0.696396	-0.147507
0.000976562	0.316289	0.355155	0.157096	-0.841494	0.130448	0.375721
0.000976562	-0.167401	0.0654252	-0.0291888	0.143708	-0.400674	-1.0806
0.000976562	-1.59545	-0.197117	-0.466199	-0.132865	-0.0443461	0.462674
0.000976562	0.213881	0.109229	0.574947	-0.863512	-0.361578	-0.0361371
0.000976562	0.237205	0.0924451	-0.400298	-0.453094	-0.45071	-0.781332
0.000976562	-0.311572	0.103402	0.553332	0.506649	0.146679	-0.171149
0.000976562	-1.38506	0.279169	-0.539214	-0.0907687	-0.237858	0.0290257
0.000976562	0.34288	-0.903385	0.00853224	-0.0193349	0.564815	0.415723
0.000976562	0.108453	0.270159	-0.340373	-0.486651	-0.609748	0.299408
0.000976562	-0.452778	-1.50109	0.257237	0.300961	0.417169	0.00872034
0.000976562	0.187838	-0.61896	-0.582654	0.498263	-0.652809	0.112428
0.000976562	-0.116589	-0.424117	-0.0583135	-0.675403	0.422233	-0.399348
0.000976562	0.839735	0.0903302	0.853919	-0.0968983	0.123963	0.0618946
0.000976562	-0.518186	0.540492	-0.439098	0.350418	-0.0583357	0.0810746
0.000976562	-0.0157838	-0.446993	0.496312	-0.260269	0.0803562	0.25069
0.000976562	-6.68635	7.77251	-1.30745	0.0732254	0.0261186	-0.0361246
0.000976562	0.140765	-0.153917	-0.173707	0.131971	0.203166	0.0151561
0.000976562	-0.0436543	-0.0139222	-1.17241	0.155539	0.163891	0.331313
0.000976562	1.35877	-0.0457852	-0.779096	0.061789	-0.294792	-0.0841351
0.000976562	-0.434464	-0.100953	-0.0353165	0.00955129	0.541395	0.804068
0.000976562	-0.0185663	0.505489	-0.267906	-0.0650397	-0.481922	0.718948
0.000976562	-0.0427154	0.295643	0.263087	-0.331579	0.8868	-0.179254
0.000976562	-0.167562	-0.250526	-0.295015	0.471128	-0.340832	-0.181446
0.000976562	-0.480096	-0.305088	-0.0419548	0.53957	0.321431	-0.315418
0.000976562	0.351624	-0.181609	0.169961	-0.787574	0.752827	0.180879
0.000976562	0.0609722	0.0777529	0.16158	-0.518139	0.199169	-1.22407
0.000976562	0.684119	1.49338	-2.15792	-0.113379	0.441417	0.204257
0.000976562	-0.103191	-0.393092	0.117563	-0.78519	0.0851189	0.209348
0.000976562	0.387343	0.0284752	0.237016	-0.341375	-0.396904	0.790912
0.000976562	-1.39848	2.8325	-1.47994	0.367428	0.151548	-0.00149665
0.000976562	0.0294769	-0.120967	0.0898206	-0.148816	-0.596769	-1.0489
0.000976562	0.308637	-0.229923	0.406012	-0.241001	-0.429348	-0.0879425
0.000976562	-4.23016	1.10519	-1.96356	0.12002	-0.128028	0.295161
0.000976562	0.0622356	0.499456	-0.772469	0.927928	-0.26401	0.167129
0.000976562	0.0538808	-0.588005	-0.145202	-0.914873	-0.387678	-0.248578
0.000976562	0.477744	-0.13806	-0.850652	-0.131408	0.106983	0.263896
0.000976562	-0.572341	-0.00376474	1.18781	0.48891	0.434782	0.720564
0.000976562	-0.116612	0.731655	0.216496	-0.0166015	-0.311558	0.0895159
0.000976562	-0.428375	-0.135802	-0.0423998	-0.106692	1.42813	-0.455333
0.000976562	-0.0681456	-0.0787332	0.0162373	-0.0749054	0.0496183	-0.693691
0.000976562	0.780984	-0.438745	-1.53074	0.286248	-0.78561	0.0483979
0.000976562	0.566767	-0.863481	0.24353	-0.0793136	-0.692801	-0.234917
0.000976562	-0.266655	0.0321854	-0.254597	-0.515491	-0.0633033	-0.400442
0.000976562	0.468745	-0.301393	0.397129	0.671967	-0.105327	-0.000864694
0.000976562	-0.0162841	-0.116523	0.053388	-0.436778	0.611962	0.292022
0.000976562	-0.30683	0.375897	0.757865	0.160047	-0.148386	-0.297478
0.000976562	-0.0723979	-0.158934	-0.215771	-0.464193	-0.142811	-1.16848
0.000976562	0.43887	-0.700523	-0.502905	-0.158588	0.365359	1.16689
0.000976562	0.0542165	0.0603678	-0.92781	-0.191656	-0.341044	0.163781
0.000976562	0.292674	0.0702178	0.138775	0.371356	0.758625	0.0139532
0.000976562	-0.175155	-0.505906	-0.109389	0.213497	0.447948	0.0288335
0.000976562	0.929217	-1.77825	-1.78606	0.323309	-0.0479398	0.207744
0.000976562	0.195341	0.078702	-0.00131112	0.287102	0.304444	-0.888556
0.000976562	-0.0950414	-0.385353	-0.0380829	0.518733	0.92907	-0.350328
0.000976562	-0.443677	0.15637	-0.819081	-0.578991	-0.00403765	0.322941
0.000976562	0.258766	0.690238	0.494427	-0.675203	0.426974	-0.578735
0.000976562	-0.714898	0.304148	0.777877	0.224888	-0.116345	-0.229521
0.000976562	-0.939487	0.0153459	-0.181814	-0.223614	0.119529	-0.594842
0.000976562	-0.227384	0.676491	0.392733	-0.445952	0.470099	-0.069437
0.000976562	0.711539	-0.162545	0.535722	0.160593	-0.463338	0.586251
0.000976562	-0.0956964	-0.322966	0.191584	-0.805381	-0.0330346	0.461079
0.000976562	-0.179611	-0.0510002	-0.883791	-0.631893	-0.34648	-0.689231
0.000976562	1.95559	-0.453752	1.02733	-0.17312	-0.134234	0.445424
0.000976562	-0.0816473	0.743383	0.421719	0.2115	0.102916	0.120879
0.000976562	-0.844341	0.308424	-1.11848	-0.2993	0.096807	-0.188653
0.000976562	-0.0764194	0.605577	0.607063	0.0457105	0.228638	0.30166
0.000976562	1.66342	0.494063	0.205731	-0.223369	0.0953627	-0.00196715
0.000976562	-0.177295	-0.574324	-0.239959	0.669427	0.148541	-0.10646
0.000976562	-0.316788	-0.971988	0.207719	-0.485394	-0.112951	0.51183
0.000976562	-0.0681436	0.159462	0.481979	-0.684973	0.398619	-0.131719
0.000976562	0.214934	-0.0967595	-0.120804	0.287416	-0.226013	-0.822206
0.000976562	1.16367	-1.92876	-1.39066	0.283465	-0.429782	-0.0513582
0.000976562	1.64668	0.129679	0.919801	0.383853	0.301245	0.385351
0.000976562	-0.231469	0.00391504	-0.742495	0.211145	-0.0803009	0.103181
0.000976562	-0.252732	-0.114077	-0.21832	-0.299713	0.0333807	-0.468182
0.000976562	0.26933	-0.493176	0.403362	0.174859	-0.503331	0.0840268
0.000976562	-0.604516	-0.381504	0.111912	0.279127	0.146534	0.259036
0.000976562	-0.975344	0.775086	-0.0936356	-0.330797	-0.436758	0.0380613
0.000976562	-0.0213831	-0.0177631	0.640412	0.693322	0.0175756	0.214004
0.000976562	-0.192163	-0.374826	-0.0710035	-0.60963	0.435377	-0.873517
0.000976562	-0.139112	-0.591936	0.560822	0.255353	-0.351067	0.96532
0.000976562	0.216722	-0.925078	0.948124	-0.387006	0.319467	0.261594
0.000976562	-0.144299	0.184609	-0.0102427	0.239953	0.627709	-0.131704
0.000976562	0.0177939	-0.0919281	-0.190294	-0.131087	-0.867338	0.176881
0.000976562	-0.862636	-0.528077	1.22817	0.312781	0.159892	-0.211576
0.000976562	-0.957394	1.35987	0.231857	-0.434792	-0.140698	-0.169318
0.000976562	0.244249	0.0295662	-0.0808082	-1.02296	0.203652	0.524838
0.000976562	-0.538871	-0.193647	-0.757153	-0.395069	0.333905	-0.193653
0.000976562	-0.183427	0.313205	-0.14178	-0.249051	0.136815	-0.652305
0.000976562	-0.248059	-0.303396	0.000386144	0.0321037	0.113389	-0.397802
0.000976562	0.0631065	0.219991	-0.0323287	-0.367359	-0.368165	0.190057
0.000976562	0.559363	0.408743	-0.450019	0.591526	0.24544	-0.0181779
0.000976562	-0.187308	0.521427	-0.449729	-0.178771	0.24467	0.179249
0.000976562	0.39687	-0.397625	0.379057	0.704826	-0.174475	0.656338
0.000976562	1.37268	0.691225	1.70023	0.537301	0.133119	-0.258351
0.000976562	1.95793	0.250824	1.0083	0.303319	-0.393649	0.341964
0.000976562	-0.224201	-0.709694	-1.89321	-0.21044	-0.21128	0.727879
0.000976562	-0.188805	-0.598808	-0.766616	0.172903	-0.647059	-0.0675624
0.000976562	0.0934351	-0.10863	-0.214319	0.191687	0.418455	-0.259959
0.000976562	0.0854148	-0.434817	-0.498341	0.15637	0.165281	-0.411552
0.000976562	-0.707071	0.888397	-0.146515	0.228919	0.509969	0.64444
0.000976562	-0.0367092	0.00927145	0.394983	0.845122	0.0573382	0.753479
0.000976562	-1.70061	1.12819	-0.612997	0.0807512	-0.387898	0.314624
0.000976562	-0.0135168	-0.197363	-0.260823	0.0141024	0.0271162	-0.336935
0.000976562	-0.143728	0.0248273	-0.24509	0.494796	0.212617	0.203687
0.000976562	0.239406	0.201657	0.311525	0.529185	-0.182892	-0.267644
0.000976562	0.0281356	-0.264256	-0.139297	-0.241057	-0.177438	0.229249
0.000976562	0.350066	-0.0836808	-0.522638	0.486471	-0.382501	0.084293
0.000976562	0.237933	-0.109707	-0.498872	-0.580564	-0.173051	0.576859
0.000976562	-1.12197	-0.0102643	0.0413075	0.846592	-0.26136	-0.31707
0.000976562	0.789403	-0.587139	-0.278576	-0.109545	0.0257404	-0.134717
0.000976562	0.5102	0.302222	0.79906	0.194379	0.141675	-0.224875
0.000976562	-0.379921	0.154037	-0.452762	-0.0512397	-0.409757	0.153634
0.000976562	0.598861	0.315852	0.0508847	0.716266	0.238942	-0.395146
0.000976562	0.205414	-0.136545	-0.278928	0.951331	-0.806684	0.34503
0.000976562	0.139501	0.137049	0.0274499	0.0580651	-0.594692	-0.282223
0.000976562	-0.0163421	-0.110384	-0.216883	-0.301378	-0.738046	-0.862717
0.000976562	-1.65724	0.919754	0.0494799	-0.126452	0.184341	-0.319784
0.000976562	0.101425	0.0141985	-0.0150731	0.390198	-0.613741	-0.0776076
0.000976562	0.100015	0.196112	-0.154656	0.0136725	0.238984	0.0216788
0.000976562	0.00573274	-0.296109	0.222977	0.595582	-0.403879	0.291413
0.000976562	0.411326	-0.26191	-0.00323676	0.4207	-0.301329	0.594611
0.000976562	0.441144	0.57002	0.0451897	-0.41163	-0.246423	0.186319
0.000976562	0.0156423	0.161115	-0.56562	0.594808	-0.0177079	0.32401
0.000976562	0.263243	0.257923	1.13951	0.232482	-0.115362	-0.578167
0.000976562	-0.368021	0.173768	0.0157126	0.255289	-0.309411	-0.197656
0.000976562	-3.4536	4.07582	-10.2386	-0.0830004	-0.0125039	0.0337533
0.000976562	1.00879	-0.22302	1.32191	0.135606	-0.198	-0.456826
0.000976562	-0.0518378	0.330699	-0.300962	0.807215	-0.167846	-0.559855
0.000976562	1.63299	0.11053	-0.0919698	0.282839	-0.449649	0.220477
0.000976562	-0.285938	0.796809	0.0392597	-0.0563289	-0.0255114	-0.618182
0.000976562	-0.678181	0.980318	-0.574879	-0.522113	0.467045	-0.170622
0.000976562	-3.44522	-0.159186	1.51367	0.0672042	0.416656	0.00476255
0.000976562	1.94934	-0.175333	0.010817	0.651595	0.123547	0.0891374
0.000976562	1.28246	0.865582	0.416902	-0.449472	-0.319806	-0.183136
0.000976562	0.298894	-1.1652	1.59254	0.0802601	-0.448221	0.162562
0.000976562	-0.0890347	0.0500402	0.408207	0.647385	-0.139039	0.837329
0.000976562	0.516019	0.061254	0.0184143	0.346536	0.136953	-0.0358401
0.000976562	0.142077	0.220587	0.214759	0.790452	-0.15005	-0.374614
0.000976562	0.355953	-0.54952	0.216507	-0.149506	0.308492	-0.338125
0.000976562	-1.00338	0.430781	0.508403	0.547918	0.020021	0.139083
0.000976562	-0.3469	0.527914	0.0240212	0.390589	-0.294927	0.164551
0.000976562	-20.3071	-1.62348	-7.21532	-0.05645	0.0706509	-0.167352
0.000976562	-0.216058	0.603561	-0.337632	0.0980335	0.174811	0.0372947
0.000976562	0.307549	0.0821282	-0.475821	0.65841	1.14184	0.00256518
0.000976562	0.111485	0.0500616	-0.259665	-1.12742	-0.916898	-0.153346
0.000976562	0.490322	0.106526	-0.724833	0.0604005	0.115649	-0.12672
0.000976562	-0.573321	0.235407	-0.877946	-0.123655	-0.486926	0.0560298
0.000976562	-0.225521	0.339263	0.421361	-0.419476	0.437559	-0.0477792
0.000976562	0.120986	-0.391193	-0.165516	0.181744	-0.704844	-0.343892
0.000976562	-0.605573	-0.119844	-0.820744	-0.445059	-0.416891	-0.132091
0.000976562	1.00753	1.0859	-0.0893292	-0.0488195	0.52016	0.406932
0.000976562	0.31351	-0.213467	-0.0536841	-0.0232754	-0.526643	1.3233
0.000976562	0.176948	-0.0648965	-1.60384	0.528193	0.151464	-0.149695
0.000976562	0.345408	-0.0124741	0.189234	-0.397321	0.0739849	1.02532
0.000976562	0.46624	1.1044	-1.04332	-0.438252	-0.072113	0.420115
0.000976562	0.186642	0.180782	0.251764	0.159613	0.0440686	-0.278682
0.000976562	-0.20856	0.395327	-0.541134	0.441955	0.0939949	0.177692
0.000976562	0.619462	-2.01206	1.39306	0.0966961	0.0373505	0.348187
0.000976562	0.5854	0.185751	-0.302494	-0.840053	0.622884	-0.330287
0.000976562	-0.49841	-0.403063	-0.0565806	-0.996235	-0.232012	0.226974
0.000976562	0.693831	-0.801529	0.762904	-0.228018	0.543756	0.120772
0.000976562	0.617982	-0.239758	0.691364	-0.0190392	0.221859	0.357223
0.000976562	-0.278425	0.0617832	-0.079428	0.393464	0.410204	0.00585798
0.000976562	-0.14795	0.333482	1.07253	0.235569	-0.335385	0.123178
0.000976562	0.211675	-0.169394	1.82057	0.110874	-0.121377	0.1383
0.000976562	0.00939449	0.133985	0.296544	-0.691584	-0.532586	0.473652
0.000976562	-0.106758	-0.0104247	-0.129161	-0.331835	0.235363	-0.469005
0.000976562	-0.443958	-0.107958	0.793675	0.511636	0.528909	-0.234954
0.000976562	0.355905	-0.406721	0.172313	0.480832	-0.735545	-0.39927
0.000976562	-0.763736	-0.0567729	0.148199	0.566067	-0.244052	-0.111589
0.000976562	0.900358	0.533822	-0.255327	-0.0931167	0.139583	0.780142
0.000976562	0.0538068	-0.610115	0.390572	0.418775	-0.00830197	-0.19872
0.000976562	0.138278	0.131589	-0.551001	0.644175	-0.643553	-0.571605
0.000976562	0.537277	-0.268606	0.198228	-0.201049	0.0274628	0.211857
0.000976562	0.491902	-0.0997466	-0.502015	0.252391	0.482951	-0.341293
0.000976562	0.407413	0.522629	-0.100167	-0.493862	-0.440801	0.104057
0.000976562	0.177935	0.295195	0.268038	-0.809063	0.093823	0.74617
0.000976562	-0.0392699	0.0487992	0.819046	-0.45505	-0.0627483	-0.301306
0.000976562	0.756501	-0.74573	-0.0930209	-0.489811	0.156755	-0.23947
0.000976562	0.637542	-0.0915503	0.511461	0.661739	0.526238	0.0516033
0.000976562	-0.258267	-0.0616274	-0.433536	-0.0840959	-0.635034	-0.153138
0.000976562	1.17605	1.13175	-2.6893	-0.0285406	0.192653	-0.152434
0.000976562	-0.256563	0.655166	-0.282353	0.40659	0.61255	-0.160592
0.000976562	-0.607407	0.288152	0.19941	0.0797425	0.614377	0.179805
0.000976562	0.0718596	-0.137123	0.588014	0.0342635	-0.399088	0.537642
0.000976562	0.432988	-1.0953	1.62301	-0.017235	0.0886043	0.464775
0.000976562	0.773007	-0.0502805	-0.0037837	0.488806	-0.332238	-0.12516
0.000976562	1.12776	-0.130526	-0.12246	-0.538425	-0.0791042	-0.584904
0.000976562	-4.64704	-1.47022	-0.700179	0.0708373	-0.0184711	-0.00621388
0.000976562	0.232507	-0.0529762	-0.112279	0.150801	-0.256018	-0.38147
0.000976562	0.492899	0.192669	0.109719	0.0317794	1.07234	-0.0682904
0.000976562	0.540607	-0.410393	0.344657	0.528131	-0.724224	-0.42976
0.000976562	0.234105	0.923119	0.367275	0.0201706	0.808932	0.246089
0.000976562	-0.295848	0.140835	-2.92039	0.104282	-0.0660486	0.299303
0.000976562	-2.62176	0.592666	-1.26912	-0.0751838	-0.0888377	0.180198
0.000976562	0.425124	0.93159	-0.212187	0.234466	-0.451593	0.275876
0.000976562	-0.48318	0.306259	-0.84617	-0.209858	-0.160465	0.468394
0.000976562	-0.663773	-0.249604	-0.0779545	-0.311951	-0.195733	0.348309
0.000976562	-0.049354	-0.0448369	-0.153488	0.105423	-0.704813	-0.061047
0.000976562	2.9562	1.87056	0.0172676	0.328753	-0.218678	0.0645516
0.000976562	0.205683	-0.33882	-0.140008	-0.250575	0.0589693	0.319191
0.000976562	0.911757	1.41949	0.903179	-0.461972	0.104166	-0.014844
0.000976562	0.567712	0.11781	0.474104	-0.382487	-0.115574	0.220869
0.000976562	0.284608	-1.88966	-0.85044	0.124138	0.50361	-0.172695
0.000976562	-1.86947	0.910954	-0.0745807	-0.194854	0.23308	0.345124
0.000976562	-0.599013	-0.00407505	-0.318267	0.0844119	0.337227	0.293337
0.000976562	-0.674082	-1.8719	0.854309	-0.140184	0.107285	0.618935
0.000976562	0.455876	-0.0608014	-0.31277	-0.0141368	-1.25166	0.445807
0.000976562	-0.00521292	0.183938	0.00845025	-1.14326	-0.0419774	0.425544
0.000976562	0.305914	-0.638141	-0.994999	0.0658972	-0.11689	-0.481778
0.000976562	0.0964326	-0.469701	0.153449	-0.756045	0.144051	0.202456
0.000976562	-0.301193	0.57407	-0.243091	0.0929561	0.737207	-0.0562195
0.000976562	0.111908	-0.139745	0.466972	-0.823644	-0.32976	-0.316461
0.000976562	0.746853	-0.721924	0.188085	0.172303	0.339488	0.212977
0.000976562	0.439853	-0.0164264	0.2376	0.529023	0.53095	0.272763
0.000976562	-0.557705	-0.53746	0.30626	0.189751	-0.422685	-0.353942
0.000976562	5.90379	-2.02781	0.458891	0.0108655	0.126454	-0.116245
0.000976562	0.0661147	0.775815	0.166994	0.00723194	0.218978	0.316466
0.000976562	0.312043	-0.188819	-0.0506875	0.278644	-0.234232	-0.611145
0.000976562	-0.156823	-0.436518	0.142951	-0.252943	-0.387998	-0.654743
0.000976562	-0.448986	-0.666125	0.331828	0.313827	-0.146522	0.383478
0.000976562	0.434223	1.06788	-0.0996982	-0.185557	-0.120136	-0.320127
0.000976562	0.0254534	-0.499928	0.328385	-0.312887	-0.611414	0.244467
0.000976562	-0.984485	-0.538846	-0.0710971	-0.387889	-0.547989	0.360568
0.000976562	-0.198326	-0.431354	-0.281846	0.363646	-0.278009	0.818238
0.000976562	0.40141	-0.245941	0.107429	-0.342867	0.295122	0.753649
0.000976562	-0.396283	0.210676	-0.508533	-0.278724	0.0268739	0.283959
0.000976562	-0.310409	-0.509824	-0.0113255	-0.575629	0.149756	-0.177874
0.000976562	-0.222878	0.944101	0.841318	0.422501	0.162638	0.352812
0.000976562	0.160264	-0.429716	-0.203946	-0.158531	-0.00544864	-0.0881364
0.000976562	0.56889	0.00105593	-0.502898	-0.23937	-0.288595	-0.0990224
0.000976562	0.608102	-0.309619	0.505236	-0.601066	0.114693	-0.310398
0.000976562	0.545314	-0.384641	0.672815	0.0889696	0.4972	0.257217
0.000976562	-0.0209581	0.192998	0.240193	-0.39497	0.604304	-0.137586
0.000976562	0.0280413	0.0661755	-0.310018	-0.442102	-0.193307	-0.177547
0.000976562	0.78616	0.845922	-0.912078	0.170942	0.254746	0.48593
0.000976562	-0.0875223	-0.103184	-0.376381	-0.0815934	-0.503392	0.618431
0.000976562	-0.11632	0.205873	-1.65005	-0.4926	-0.0680889	-0.0923527
0.000976562	0.608954	-0.681701	-0.946223	-0.0537746	-0.510681	0.493398
0.000976562	0.187626	-0.520615	-0.823315	0.498611	-0.430585	0.0148604
0.000976562	-0.47925	-2.53698	2.05482	-0.193111	0.260811	-0.138305
0.000976562	-0.404488	-0.0841692	0.584511	-0.0499669	0.859522	0.257325
0.000976562	0.0291318	0.324338	0.119434	0.378804	0.229392	0.116577
0.000976562	-0.693661	0.15207	-1.61394	0.423714	-0.0268101	0.544396
0.000976562	0.227753	0.688191	0.309829	0.569297	0.118828	-0.438942
0.000976562	0.417619	0.302767	1.33941	0.0970076	0.096798	0.0593481
0.000976562	6.33705	1.07268	2.95199	-0.210326	-0.0597909	0.10032
0.000976562	-0.103399	0.450448	0.524865	0.357099	-0.774232	-0.703413
0.000976562	-2.32289	4.68761	-1.61583	0.18462	0.190497	-0.28036
0.000976562	-0.61104	-0.249409	-0.223883	0.10753	-0.00387205	-0.120418
0.000976562	-0.0341309	-0.571309	0.191302	0.726394	-0.134436	-0.519498
0.000976562	0.24283	-0.640433	0.20798	-0.0622551	0.0932272	-0.00754448
0.000976562	-0.465325	0.109734	-0.00877866	0.234811	0.23529	0.549561
0.000976562	-0.44044	-0.0644839	-0.157289	0.22198	-0.0461114	-0.128767
0.000976562	0.311069	-0.102652	0.0542482	-0.29539	-0.346224	-0.86697
0.000976562	-0.16379	-0.428507	0.0890975	-0.944208	-0.0777373	0.242329
0.000976562	-0.403494	0.16603	0.14735	0.39219	-0.631463	-0.289358
0.000976562	0.0204622	-0.367769	0.911425	-0.940736	0.339627	0.255031
0.000976562	-0.588349	-1.18019	0.523636	-0.0251739	-0.22664	-0.182366
0.000976562	-0.145422	0.0897017	-0.493966	0.0736466	0.530605	0.236824
0.000976562	0.437008	0.387936	-0.105071	0.226721	0.423572	0.133603
0.000976562	0.15302	-0.139577	0.165132	0.071678	-0.898578	-0.136808
0.000976562	-0.777685	0.471235	0.199935	-0.218789	-0.578515	-0.0143027
0.000976562	-0.0845562	1.61159	-2.00796	-0.0911519	0.324361	-0.308179
0.000976562	0.684817	-0.181723	-0.382987	0.0209877	-0.10128	-0.217761
0.000976562	1.37287	-0.182436	-0.608753	0.262665	-0.359196	-0.0515601
0.000976562	-0.708558	-0.475217	0.0783049	-0.165091	-0.755886	-0.291275
0.000976562	0.0805313	-0.399938	-0.0162891	-0.27294	0.113444	-0.0910522
0.000976562	0.313298	0.600195	-0.466853	-0.163719	0.318844	0.300115
0.000976562	-0.178512	-0.623433	-0.508184	0.343045	0.402426	0.0762337
0.000976562	0.127352	0.565879	0.0219519	-0.133135	-0.397045	0.280049
0.000976562	0.146813	0.298413	-0.136017	0.641201	-0.233597	0.291836
0.000976562	-2.06493	-0.825774	0.0521695	0.0158169	-0.128007	0.424121
0.000976562	0.501763	-0.784472	0.37614	-0.137071	-0.340378	-0.0104331
0.000976562	-1.79199	0.848914	1.11651	0.131721	0.15344	0.520591
0.000976562	0.134591	0.157338	-0.175926	-0.0483356	-0.149251	0.641673
0.000976562	0.566859	-0.921511	-0.0741061	-0.127283	-0.506128	0.428747
0.000976562	-0.386391	0.927727	0.415041	-0.332465	0.744178	0.295098
0.000976562	-1.00687	1.11283	0.146722	0.38902	-0.18068	0.535515
0.000976562	0.236815	-0.142628	2.00152	-0.148164	0.111774	0.0338172
0.000976562	-0.623034	0.13614	-0.589351	-0.117791	0.125986	0.357276
0.000976562	0.917989	0.293284	-1.25224	-0.215139	0.252186	0.379811
0.000976562	-0.0454097	-0.157501	0.235562	0.299291	-1.00989	0.392269
0.000976562	0.177749	0.253558	-0.0610924	0.464819	0.298296	0.510823
0.000976562	-0.90048	0.44388	0.0324297	0.309274	-0.551704	-0.0022042
0.000976562	0.244107	-0.00288006	0.429621	-0.741698	0.0365301	-0.240093
0.000976562	-0.0830208	0.125992	-0.133757	0.870326	0.966507	0.538339
0.000976562	0.330221	0.0694112	0.407833	-0.704378	0.119666	-0.472983
0.000976562	2.28025	0.519828	0.923845	0.395869	-0.13902	0.109574
0.000976562	-0.434457	-0.652607	-1.00736	0.19938	-0.297138	-0.49777
0.000976562	0.149745	1.06786	1.83566	-0.00681042	-0.155862	0.369577
0.000976562	1.21691	-0.0573417	0.168972	-0.119537	0.491868	-0.457422
0.000976562	0.45543	-0.489465	0.335074	0.20889	0.375421	-0.175322
0.000976562	-0.85918	-0.517494	-0.996359	-0.126946	-0.276782	-0.530178
0.000976562	-0.815666	-0.0352322	0.232001	0.319404	-0.0697046	-0.372716
0.000976562	1.28977	-0.387284	-0.550967	-0.158816	-0.290357	-0.203505
0.000976562	0.142713	-1.19731	-0.257097	-0.369271	-0.232634	0.136773
0.000976562	0.239192	-0.153191	0.12999	-0.0453524	0.593476	0.260969
0.000976562	-0.34942	0.326074	-0.150025	-0.640601	-0.321712	0.0255017
0.000976562	-0.289758	-0.713478	0.553198	-0.120295	-0.443523	-0.390843
0.000976562	-0.727326	-0.299357	0.34283	-0.0630654	-0.266154	0.431346
0.000976562	1.18127	-0.177608	0.654452	-0.238769	-0.0417879	-0.81717
0.000976562	-0.0219593	0.580512	1.55419	-0.0442184	0.196263	0.267517
0.000976562	-0.69314	-0.887427	0.498823	0.580779	0.173618	-0.240922
0.000976562	-0.179106	0.346507	-0.460603	0.150569	0.341573	-0.43218
0.000976562	-1.36521	1.05963	-3.37796	0.102256	-0.106658	-0.262447
0.000976562	-0.232041	-0.146737	-0.00858767	0.757313	0.60112	-0.649007
0.000976562	0.911215	-0.0962694	0.272383	0.107256	-0.376174	-0.724008
0.000976562	0.207921	-0.308929	0.0428492	0.651795	-0.0246155	-1.32182
0.000976562	-0.0120323	-0.303833	-0.657351	-0.661959	0.221512	0.121953
0.000976562	0.684507	0.867965	-1.49868	0.227402	-0.414788	0.0985985
0.000976562	-0.421974	0.1231	0.369274	-0.220867	0.470437	-0.5688
0.000976562	0.348192	-0.428589	-0.284783	0.383291	-0.17121	0.6082
0.000976562	-0.55707	-1.017	-1.75333	0.0414457	-0.203361	0.220128
0.000976562	-0.171984	-0.129464	0.115485	0.572536	-0.513525	-0.408436
0.000976562	-0.0544304	-0.0902933	0.0616366	-0.779263	-0.537589	0.404596
0.000976562	0.831903	-1.05048	-0.135498	-0.352408	0.231191	0.721102
0.000976562	0.45976	0.203251	-0.599427	0.00754926	-0.183433	-0.0495331
0.000976562	0.163453	0.962859	0.132978	0.450166	0.136906	-0.340338
0.000976562	-0.45221	1.44281	-1.04151	0.354382	0.365283	0.21547
0.000976562	-0.664231	-0.263502	0.672817	-0.0143142	0.243541	-0.147907
0.000976562	-0.243401	-0.780126	0.35634	0.167213	-0.276782	0.187779
0.000976562	0.0147327	1.67653	-0.539692	0.473385	-0.0608806	0.330657
0.000976562	-0.484653	0.132294	-1.05882	-0.0412027	0.521537	-0.102554
0.000976562	0.577302	-0.479645	-0.459768	0.0135401	-0.72217	0.572181
0.000976562	-0.751097	0.851217	-0.451991	-0.178452	0.464357	-0.295142
0.000976562	-0.0754303	0.301015	-0.279755	-0.598305	-0.538923	0.037255
0.000976562	-0.060164	-0.81995	-0.37018	0.399552	0.265933	-0.366808
0.000976562	0.0401995	-0.874572	0.898317	-0.576696	-0.0557425	-0.361074
0.000976562	-0.483337	-0.103702	-0.115932	-0.109848	-0.241286	0.148045
0.000976562	-0.397139	-0.417318	-0.62309	-0.383676	0.560611	0.309609
0.000976562	0.685571	-0.34976	0.470976	-0.0291947	-0.289556	-0.178904
0.000976562	-0.131973	-0.0750805	-0.473342	0.27449	-0.322914	-0.547631
0.000976562	0.681689	-0.731778	1.61206	-0.189967	0.638657	0.0225444
0.000976562	1.36629	0.731108	-0.0779192	-0.132299	-0.0598645	0.00242327
0.000976562	0.050691	-0.446883	0.23681	-0.227282	0.711646	-0.233234
0.000976562	0.402598	-0.180639	0.689436	-0.468025	0.832116	0.359575
0.000976562	0.343603	-0.100385	-0.406212	-0.0301836	-0.49085	0.0166516
0.000976562	0.186477	0.274967	1.59903	-0.175893	0.139803	0.415181
0.000976562	0.0407543	-0.632299	-0.104507	-0.279151	0.349781	0.703916
0.000976562	0.548096	0.0981726	-0.519318	-0.415404	0.45606	0.690951
0.000976562	0.577285	0.879149	0.786678	0.574097	0.0433985	0.144783
0.000976562	0.61593	-0.735092	-0.139724	-0.195582	0.118068	-0.372693
0.000976562	0.813971	-0.971102	3.74954	-0.0568673	-0.117422	0.0916086
0.000976562	-0.165093	-0.596389	0.167929	-0.168994	0.833395	0.175147
0.000976562	-3.87517	-1.59233	-1.55252	-0.137851	-0.140581	0.227712
0.000976562	-0.0381941	-0.945253	-0.978019	-0.483009	-0.0647571	0.627462
0.000976562	0.407803	-0.943861	-0.301486	0.0149245	-0.0656573	0.0192814
0.000976562	-1.90989	-2.31125	0.673733	-0.11109	0.382648	0.134579
0.000976562	0.193501	-0.23601	0.302199	0.657818	-0.57631	0.236397
0.000976562	-0.219339	-0.0484884	-1.06766	-0.575968	-0.407759	-0.0763294
0.000976562	1.15554	0.24339	0.17053	-0.428456	-0.21983	-0.39549
0.000976562	-0.0346524	0.017943	-0.36263	0.0167118	0.495161	0.259656
0.000976562	0.200577	-0.0740884	-0.484854	0.530843	0.908728	0.356462
0.000976562	0.957317	-0.423482	-0.0700826	0.217326	-0.509073	-0.177991
0.000976562	1.1204	0.753067	-0.261307	-0.107928	-0.21033	-0.183646
0.000976562	-5.17472	8.597	-0.735268	-0.0155951	-0.164846	0.11197
0.000976562	-0.555595	0.403676	0.128275	-0.600407	-0.884564	0.125204
0.000976562	0.972277	-3.5809	-2.48942	-0.0723822	0.197881	0.13423
0.000976562	0.214205	-0.292109	0.581226	0.0414832	0.254248	0.0369733
0.000976562	-0.753155	1.17363	5.00909	-0.103463	0.221929	-0.113525
0.000976562	-0.551478	1.71376	1.45316	-0.243597	0.137009	0.152487
0.000976562	0.170984	0.00571769	-0.797296	0.0865958	0.162381	-0.142029
0.000976562	-1.32892	2.45373	0.365507	-0.040116	-0.222964	0.570464
0.000976562	-0.184588	1.4247	-0.155091	0.157114	-0.0648135	-0.338379
0.000976562	1.63996	0.0695011	-0.878495	-0.158603	0.259136	0.255565
0.000976562	-0.409097	-0.376421	0.315814	0.0171603	0.543435	-0.71988
0.000976562	0.19395	-0.825761	0.400557	0.299105	0.221511	0.79763
0.000976562	-0.234315	-0.51855	-0.0752662	-0.529768	0.0737515	-0.459809
0.000976562	-0.136536	-0.801817	0.97867	-0.0710031	-0.187889	-0.609899
0.000976562	0.55914	-0.110664	0.433343	0.0987455	-0.390095	0.476594
0.000976562	-0.161718	0.592107	0.258908	0.402545	0.0493339	0.397375
0.000976562	-0.93554	-1.18328	1.22181	-0.382924	-0.00917437	0.0653077
0.000976562	0.637433	0.0621029	0.211866	0.573256	0.600661	0.156289
0.000976562	-0.0824513	0.284714	0.198073	0.594662	-0.883527	0.678309
0.000976562	-0.19763	-0.165912	0.280796	-0.277548	-0.440181	-0.336989
0.000976562	0.549427	-0.24419	0.75995	-0.389698	-0.138925	-0.0784704
0.000976562	0.517961	1.00048	-0.0919345	0.101805	-0.820757	0.522352
0.000976562	0.394222	0.743722	-0.448787	-0.315216	0.273633	-0.145437
0.000976562	0.121251	0.256311	0.318358	0.320537	-0.253401	-0.0172195
0.000976562	-0.322869	-1.84545	1.83065	-0.414197	-0.00207416	0.0622192
0.000976562	0.0249425	-0.0540181	-0.215464	-0.378484	-0.299067	-0.231049
0.000976562	-0.7419	-0.286511	0.789109	0.114301	0.935785	-0.0826515
0.000976562	-1.39574	0.598235	-0.284379	-0.0740607	0.416264	0.208109
0.000976562	-1.11402	0.157568	0.355087	0.497816	0.435906	-0.283361
0.000976562	-0.0117592	-0.0430822	0.981946	-0.044734	0.571664	-0.265271
0.000976562	-0.946263	0.482794	0.833169	-0.364139	-0.137754	0.289479
0.000976562	-0.286307	0.0213252	-1.11258	0.507166	-0.247399	0.0883419
0.000976562	0.361423	-0.557088	-0.251294	0.370154	-0.05033	0.224114
0.000976562	-0.438674	0.676954	-0.639591	0.0176671	0.300793	-0.221139
0.000976562	0.412549	-0.492209	-0.225434	0.453229	-0.27039	-0.0947333
0.000976562	-0.691841	-0.705002	-0.598144	-0.895428	0.36839	0.0922652
0.000976562	0.132876	-0.405068	-0.254796	-0.44103	-0.265967	-0.389275
0.000976562	0.670815	0.735064	0.111156	0.201045	0.312775	-0.160644
0.000976562	0.203134	-0.0977878	-0.509809	0.75597	-0.67447	-0.339434
0.000976562	0.917611	-0.275366	-0.713225	0.13529	-0.329428	-0.201047
0.000976562	0.839446	0.0231246	-0.205687	0.0378665	0.0531484	0.181846
0.000976562	-0.0592458	-0.0215805	-1.12486	0.649881	-0.227161	0.214435
0.000976562	0.170297	0.22674	-0.444117	-0.555076	-0.224511	0.115373
0.000976562	-1.85208	-0.813671	0.427869	0.292638	-0.26299	-0.106153
0.000976562	0.0104951	-0.693706	-0.463358	-0.509127	0.355689	0.327008
0.000976562	-0.369358	-0.260709	0.44532	-0.234751	-0.246139	0.891465
0.000976562	0.551872	0.145619	-1.34153	0.290098	-0.466351	-0.269204
0.000976562	-0.178571	-0.426896	0.0676442	-1.26294	-0.406875	0.209976
0.000976562	-0.156607	0.00653609	-0.00510755	-0.176491	0.652932	-0.324123
0.000976562	-0.0590087	0.683923	0.140218	-0.130309	0.566555	-0.444838
0.000976562	0.445833	-0.131081	4.42534	0.221686	0.10996	-0.102784
0.000976562	-0.138228	-1.04509	0.960254	0.216042	-0.234243	-0.496836
0.000976562	0.13056	-0.311718	-0.160004	-0.0749398	-1.27022	-0.236664
0.000976562	-0.437054	0.684644	0.332933	0.108895	-0.240715	-0.100121
0.000976562	-0.243772	-0.0777466	-0.247726	0.741053	-0.608464	1.16817
0.000976562	0.0582338	0.323333	-0.112243	0.719062	-0.229948	-0.656797
0.000976562	-0.24433	-0.33342	-1.17982	-0.0867532	-0.763673	0.0625166
0.000976562	0.652507	-0.860306	-1.20148	0.768919	0.493167	0.202474
0.000976562	0.316355	0.198502	-0.18528	-0.397423	0.146652	-0.233946
0.000976562	0.339239	0.377717	0.438764	-0.527503	0.316283	-0.161161
0.000976562	0.871789	0.706341	0.529028	0.170352	-0.526414	0.403004
0.000976562	-0.194413	0.514622	0.0308044	0.699206	-0.164519	0.264857
0.000976562	0.603184	0.0389563	-0.285008	0.198807	0.00555841	0.683072
0.000976562	0.172188	0.405768	0.553963	0.619236	-0.367841	-0.604386
0.000976562	0.245673	0.242762	0.0989298	-0.0637192	-0.599034	0.347594
0.000976562	0.31468	-0.130813	-0.334101	-0.273734	-0.141056	-0.0337135
0.000976562	-0.854685	0.591829	1.22424	0.0674525	0.308608	0.117937
0.000976562	1.14945	1.08783	0.000518784	0.0712718	0.348637	-0.384718
0.000976562	2.25703	0.586801	1.34921	0.304037	-0.234451	-0.0598721
0.000976562	0.18576	-0.0364038	0.189263	-0.599926	0.336465	-0.790774
0.000976562	1.26163	2.28667	0.0930954	0.45662	0.0272038	-0.14486
0.000976562	0.760125	-1.68857	-1.45958	0.156132	-0.214409	-0.0131471
0.000976562	1.02171	0.0745931	-2.13601	-0.25743	-0.0161932	-0.312337
0.000976562	0.0744315	-0.00644639	-0.0942438	-0.92164	0.10767	0.199956
0.000976562	0.294754	0.280145	-0.0988675	-0.069033	-0.187277	-0.430615
0.000976562	0.0177727	-0.0587916	-1.29884	0.260898	-0.0997808	-0.180302
0.000976562	0.868601	1.25776	-0.647668	-0.46765	-0.325066	-0.274233
0.000976562	0.174727	-0.023137	-0.184712	0.723869	-0.639872	0.22385
0.000976562	-0.260906	-0.56026	-0.0184499	-0.774158	-0.190376	-0.0251461
0.000976562	-1.00113	-0.0801109	0.677327	0.093199	-0.0733433	0.211192
0.000976562	0.227816	-0.2243	-0.13128	0.972833	-0.00611457	0.187849
0.000976562	-0.109243	-0.174929	0.32011	-0.119201	-0.271323	0.0628568
0.000976562	-0.322327	-0.0167926	0.176425	-0.350126	-0.619199	-0.0588382
0.000976562	-0.357412	-0.967828	-0.507903	-0.444538	-0.18167	-0.0699983
0.000976562	0.205305	0.145987	-0.421082	0.426959	-0.0285189	-0.704403
0.000976562	0.916402	0.266734	0.858723	-0.481512	0.742089	-0.0868968
0.000976562	1.05948	-2.61604	2.73348	0.0622394	0.297319	0.134109
0.000976562	-0.246095	1.80516	2.06261	-0.186911	-0.151242	-0.37995
0.000976562	-0.0593806	0.0863257	0.0291724	0.0566829	0.260566	-0.208778
0.000976562	-0.165942	-0.924929	-0.0613846	-0.175556	-0.191516	-0.352503
0.000976562	0.0409387	-0.0319355	-0.0442702	-0.557436	0.00619763	0.375918
0.000976562	-0.913898	-0.383391	0.0122403	0.290499	0.498611	0.141174
0.000976562	-0.213836	-0.395478	-1.15107	-0.469153	0.21465	-0.21481
0.000976562	-0.368817	0.266338	-0.551512	-0.0451219	0.548721	-0.0803872
0.000976562	-0.42995	-0.179303	-0.247867	0.412969	0.343351	0.160256
0.000976562	1.45673	-1.39922	1.41984	-0.407954	0.540304	0.122245
0.000976562	0.0687907	-0.278937	-0.330516	-0.982857	0.250795	0.294725
0.000976562	-0.478326	-0.645979	0.271579	0.924038	0.397406	-0.117301
0.000976562	-0.0633248	-0.296983	0.0588611	-0.0407166	-0.690041	0.0517234
0.000976562	-0.271808	-1.6361	0.518259	-0.107666	-0.312187	0.307418
0.000976562	0.852139	-0.460999	3.53719	-0.154379	0.0642741	0.166837
0.000976562	0.483741	0.2778	0.119457	0.542193	-0.820658	-0.462469
0.000976562	-0.206872	0.720042	-0.208096	0.231608	0.514379	-0.0252976
0.000976562	-0.526958	0.00605781	-0.380502	-0.319237	-0.474972	0.0379933
0.000976562	0.00923373	-0.91423	0.0334079	-0.646916	0.437199	-0.31206
0.000976562	0.127551	-0.291162	-0.234435	-0.169448	0.195928	-0.410436
0.000976562	0.0840978	0.106163	0.187128	-0.478892	0.0939987	0.437566
0.000976562	-0.833427	-0.849141	0.674003	0.239108	0.30214	-0.21701
0.000976562	0.431931	0.294284	-0.0599352	0.112479	-0.376356	-0.585256
0.000976562	0.949458	1.20591	0.977736	0.0533723	-0.353104	-0.185576
0.000976562	-0.364054	-0.321443	-0.989706	0.219414	0.0851196	-0.351796
0.000976562	0.66764	-0.167208	0.68032	-0.227847	0.00636458	-0.0633346
0.000976562	-0.0249746	0.0763937	0.216088	0.338981	0.981549	-0.539058
0.000976562	-0.0531497	-0.217007	-0.368183	-0.00181561	0.799181	-0.307353
0.000976562	0.00715041	-0.281103	-0.2589	1.28419	0.54968	-0.317216
0.000976562	-1.20051	2.154	1.98099	-0.332095	0.121022	0.0269614
0.000976562	0.25317	-1.15971	3.15019	-0.0336822	-0.0298852	-0.0327049
0.000976562	0.180359	-0.455522	-0.114969	-0.531457	-0.404081	0.196857
0.000976562	-0.560979	-0.307619	-0.292978	-1.18782	0.0387187	0.114695
0.000976562	0.133252	0.114995	-0.057944	0.126463	-0.574165	-0.382504
0.000976562	0.169443	0.687065	-0.17071	0.393998	-0.636141	-0.277495
0.000976562	3.91582	0.790588	0.905298	-0.00497749	-0.225011	-0.0791764
0.000976562	0.067513	-0.694606	0.238401	-0.0403089	0.457507	-0.161687
0.000976562	-0.138997	-0.374099	-0.111788	-0.355087	1.14706	0.26431
0.000976562	-2.38832	-0.954171	-1.62814	0.142318	0.308672	-0.0248226
0.000976562	0.171265	0.041503	-0.369069	0.496511	-0.2635	-0.0742273
0.000976562	0.577546	-0.770247	-0.591948	0.214999	0.492465	-0.217132
0.000976562	0.48988	-0.217877	0.363901	0.562022	0.0391559	0.8202
0.000976562	-0.0852814	-0.0110333	-0.452935	0.847708	-0.0959889	0.216108
0.000976562	-0.0674246	-0.107001	-0.251857	-0.321715	0.551409	0.0543088
0.000976562	0.34634	1.69584	-2.85477	-0.0435159	0.102827	-0.217142
0.000976562	-1.34015	0.620498	-2.37506	0.146171	-0.200513	-0.094106
0.000976562	0.72101	0.147711	1.74968	0.341218	0.485225	-0.339781
0.000976562	-0.625673	-0.316475	-0.15786	0.445977	0.395855	0.453877
0.000976562	0.0766575	-0.216775	1.26626	0.0503368	-0.24862	0.418776
0.000976562	0.298048	-0.0902814	-0.406993	-0.755644	-0.437351	0.136237
0.000976562	-0.15082	-0.212697	0.021332	-0.216599	0.841035	-0.705564
0.000976562	0.517016	0.241577	-0.304478	0.484545	-0.883422	0.199531
0.000976562	-0.344084	-1.43076	5.57148	-0.0524181	0.109712	-0.101069
0.000976562	-0.477541	2.07047	-0.433325	0.0396685	0.0771374	0.177016
0.000976562	-0.388123	-0.480622	-0.305071	-0.145717	-0.1664	0.57894
0.000976562	0.00815595	0.0240829	-0.109656	0.0392376	0.202277	-0.105976
0.000976562	0.632472	0.874368	-0.0238531	-0.299513	0.410701	0.293606
0.000976562	0.38196	0.126947	-0.927765	0.516432	0.344072	0.0283426
0.000976562	-0.400052	-0.124654	-0.0932038	-0.386828	-0.139903	-0.363745
0.000976562	-0.240844	-0.362319	-0.324806	-0.0030802	-0.0465601	-0.55923
0.000976562	0.462098	0.256852	-1.28998	-0.0166144	-0.278931	-0.221903
0.000976562	0.267078	1.105	1.37129	-0.20169	0.276158	0.257352
0.000976562	-1.53926	-0.000693207	0.322121	0.156969	0.258532	-0.499171
0.000976562	-0.121798	-1.30849	-0.194071	0.482533	0.104742	0.350187
0.000976562	0.491623	-0.241935	0.472395	-0.856693	-0.028968	0.364849
0.000976562	-0.0941786	0.0929369	0.431209	0.46517	-0.345496	-0.275284
0.000976562	1.85586	-0.978086	1.32562	0.0347064	-0.577306	0.0552856
0.000976562	0.287295	-0.31095	-0.282856	-0.46227	-0.30089	0.736702
0.000976562	-0.933457	-0.758782	0.124294	0.139647	-0.13907	0.339364
0.000976562	-0.852117	-0.432341	1.04422	-0.0303267	-0.555078	0.628454
0.000976562	0.280014	0.0444786	-0.363725	0.192156	-1.10351	0.0620542
0.000976562	0.151486	-0.145235	0.129663	0.36994	0.294125	0.793942
0.000976562	-0.609865	0.874545	-0.0531159	0.382571	0.040779	-0.0247113
0.000976562	-0.415492	0.0925036	0.292592	0.157782	-0.344156	0.38345
0.000976562	-1.02729	-0.532035	-0.0892987	-0.0958647	-0.437917	0.294988
0.000976562	0.432241	-1.05285	-1.31898	0.012428	-0.114889	0.299847
0.000976562	0.0763181	-0.134009	0.208813	-0.0849573	-0.0408005	-0.920725
0.000976562	-0.494067	0.800879	-0.507823	-0.403305	-0.560419	-0.54828
0.000976562	0.0711433	0.0549467	0.164959	0.125561	0.48628	-0.135056
0.000976562	0.381574	-0.386269	-0.55816	0.188859	-0.257639	-0.108563
0.000976562	-0.339859	0.192036	0.0135892	0.31234	-0.627625	0.469109
0.000976562	-0.5888	0.122115	0.41162	-0.499699	0.367852	0.104084
0.000976562	0.683212	-0.0373639	-0.342008	0.823736	-0.401653	0.55309
0.000976562	-0.111769	-0.930874	-0.225839	0.473559	0.806426	-0.288853
0.000976562	-0.657422	0.28755	0.0778237	-1.0667	-0.047478	-0.341298
0.000976562	1.12035	0.556988	0.239137	-0.0512696	-0.129635	0.0216599
0.000976562	0.819039	1.24312	-0.0274782	0.397095	-0.0174578	0.0614411
0.000976562	-0.642685	0.389758	0.473454	0.196771	0.550225	0.366731
0.000976562	-0.796586	1.36364	-0.0532428	-0.35484	0.421184	0.295741
0.000976562	0.392461	-0.045514	0.161958	-0.0933101	-0.285947	0.198635
0.000976562	-1.88173	0.0510502	0.518997	-0.411926	-0.0901475	-0.19776
0.000976562	0.102543	-0.187662	-0.240841	0.580523	1.09919	0.41319
0.000976562	0.763211	-0.345958	0.0819972	-0.129043	0.421174	-0.515343
0.000976562	-0.0563974	-0.0173831	0.225794	0.566795	-0.11828	-0.362331
0.000976562	-1.67413	1.15832	1.14575	-0.103213	0.0331571	-0.0374431
0.000976562	-0.379689	-0.667628	0.201927	0.346074	-0.278914	-0.530624
0.000976562	0.0599818	0.573711	-0.00740232	0.296656	0.227569	-0.0970229
0.000976562	-1.21513	0.394102	0.618018	0.241076	-0.243627	-0.0610447
0.000976562	0.476487	1.30662	-0.316767	0.0162876	-0.0069946	0.688484
0.000976562	0.151983	-0.138761	0.131078	-1.00704	-0.123917	-0.208633
0.000976562	0.799382	-1.34574	-0.0707629	0.148483	-0.316598	-0.0237045
0.000976562	0.508021	0.100649	0.0434796	0.249871	0.226258	0.652876
0.000976562	-0.0962044	-0.217552	0.79033	0.367588	0.851868	0.0137629
0.000976562	0.0229849	-0.488404	0.244418	-0.573585	0.629953	-0.376351
0.000976562	2.67768	2.50836	0.0204576	0.0152682	0.066945	-0.170587
0.000976562	-0.234448	0.406668	0.740864	-0.0518196	-0.911481	-0.237347
0.000976562	0.201907	0.431576	-0.583516	0.205123	-0.581565	0.384173
0.000976562	0.22629	0.571165	-1.03165	-0.590725	0.119829	0.331212
0.000976562	0.270902	-0.589744	-0.22116	-0.357609	-0.417825	-0.336813
0.000976562	4.28083	-1.16897	1.43763	-0.029507	0.135618	-0.243042
0.000976562	-0.0998148	-0.826645	-0.44337	0.11934	-0.0571981	0.572689
0.000976562	2.94178	5.73064	4.91851	-0.0143154	0.122453	-0.214417
0.000976562	1.28549	0.440152	0.663819	-0.412855	0.0406617	-0.334958
0.000976562	-2.19977	3.85391	3.51831	-0.0519906	-0.0311012	0.198182
0.000976562	-0.0602801	-0.37803	-0.0994948	-0.132126	0.00897594	0.427308
0.000976562	-0.150001	-0.459407	0.676916	0.165668	0.187788	0.0295326
0.000976562	-0.0176448	0.194939	0.24902	-0.0706618	-0.248733	0.374912
0.000976562	0.179017	-0.548625	-1.03141	0.454748	-0.517432	0.252202
0.000976562	0.264578	-1.04264	-0.431507	-0.000947925	-0.461054	0.294221
0.000976562	0.0627141	0.0556901	-0.0131579	0.0205117	0.131937	0.234813
0.000976562	-0.325073	-0.16194	-0.51417	0.766816	0.668507	-0.862653
0.000976562	0.137714	0.262626	0.00798455	-0.388675	-0.763684	0.352568
0.000976562	0.0366416	0.0690482	-1.02565	0.265047	0.38127	0.468422
0.000976562	-0.217188	-0.772224	0.573372	0.0743033	-0.277731	-0.193534
0.000976562	-1.73511	-0.798241	-1.51515	0.0855702	0.38619	0.381738
0.000976562	0.0544798	0.309223	-0.610085	0.325647	0.630223	-0.178768
0.000976562	-0.686574	1.12146	0.990035	-0.0749707	0.363252	0.191891
0.000976562	0.391802	-0.803022	-0.190267	0.0722676	-0.749479	0.575065
0.000976562	-1.56698	0.658837	-0.485694	-0.00556104	0.167965	0.300239
0.000976562	-0.685647	-0.443733	0.98873	0.570373	0.0261911	0.0192008
0.000976562	0.0242318	0.387301	0.0894624	-0.797689	-0.0507821	0.482642
0.000976562	1.64871	-2.45851	0.300756	0.191127	0.297353	-0.331125
0.000976562	-1.14558	-0.386232	0.114541	0.0529166	-0.573758	-0.505195
0.000976562	-0.544451	-0.352839	-0.439795	-0.0438246	-0.0481961	0.124006
0.000976562	0.162336	0.6348	0.417721	-0.75804	0.0809262	-0.148807
0.000976562	0.129628	0.519847	0.325997	0.0965068	0.110166	-0.563266
0.000976562	-0.343768	-1.92497	0.918108	0.0224776	0.0936076	0.186523
0.000976562	-0.181951	-0.38303	0.347711	0.0629254	0.145241	-0.475824
0.000976562	-0.19988	-0.429255	0.22614	0.326057	0.0920721	0.99511
0.000976562	0.700272	-0.470841	-0.0486339	0.65282	0.462895	-0.534092
0.000976562	0.0928247	0.0531055	1.0592	0.194377	-0.000812114	0.041362
0.000976562	-0.00425688	-0.736932	0.0429744	0.132609	-0.0628109	0.047961
0.000976562	0.217444	0.132551	0.0968784	0.251361	-0.576262	-0.812548
0.000976562	-0.130867	0.624171	0.787028	-0.36078	0.0411879	-0.442466
0.000976562	-0.0543183	0.126462	-0.219432	-0.132112	-0.629138	-0.120948
0.000976562	0.694461	-1.01475	0.339305	0.000706866	-0.218399	0.355335
0.000976562	1.00406	0.0127504	0.827302	-0.0893048	-0.574046	0.337483
0.000976562	0.465059	-0.322891	0.466892	-0.857599	-0.42027	0.364906
0.000976562	0.143731	0.0279698	-0.326775	0.474783	0.257305	0.167471
0.000976562	0.0502582	-0.51929	-0.0294399	-0.0182729	0.760995	0.385893
0.000976562	1.23704	-0.203224	0.30262	-0.44167	-0.541123	0.375237
0.000976562	-0.626286	-0.320698	-0.440809	0.584774	-0.172292	-0.553011
0.000976562	0.305417	3.39455	-1.20935	0.274062	-0.0760989	0.00272651
0.000976562	0.944326	0.70085	1.76807	-0.0994398	0.501075	-0.24752
0.000976562	-0.403979	0.786743	-0.076858	0.023354	-0.232543	0.390217
0.000976562	-0.050863	1.01284	0.466114	-0.20178	-0.168912	0.567756
0.000976562	-0.131631	-0.110049	0.316005	-0.262382	-0.0118137	-0.814809
0.000976562	-0.882063	2.57135	-3.86622	-0.0965296	0.0857519	0.0405137
0.000976562	0.489423	0.141116	-0.503642	-0.325835	-0.0932446	-0.567665
0.000976562	0.0577087	0.218087	-0.207544	0.217294	0.763864	0.291653
0.000976562	-0.0819017	-0.522294	-0.361903	0.298229	0.0396261	-0.961821
0.000976562	-0.226312	-0.394551	-0.276828	0.027367	-0.628955	0.461981
0.000976562	-0.435313	-0.137231	-0.194664	-0.774873	0.668531	0.152943
0.000976562	0.713737	-0.117364	0.0893595	-0.473524	-0.152214	-0.8515
0.000976562	0.624819	0.0181076	-0.0784431	-0.678062	-0.176279	-0.393142
0.000976562	0.586985	-0.0559243	-2.67431	0.305386	0.156102	0.362716
0.000976562	-0.226994	0.169625	-0.307433	-0.294532	-0.363034	0.549599
0.000976562	0.808708	-0.163115	0.655158	-0.773174	-0.253949	0.382439
0.000976562	0.857254	-1.13813	-0.473418	0.345991	0.0565489	0.15601
0.000976562	-0.206711	-0.0929817	-0.183512	-1.04574	-0.311628	0.0126222
0.000976562	-0.397455	-0.382454	0.0699184	-0.731644	-0.236688	0.682225
0.000976562	0.698895	-1.48708	-0.185999	0.161347	0.485181	-0.485554
0.000976562	-0.710987	-0.242092	-0.285725	-0.193239	-0.151679	0.314753
0.000976562	-0.388489	0.348999	0.224321	0.573718	0.276767	-0.0135579
0.000976562	-1.54093	-0.849214	-0.0416932	0.492525	-0.236595	0.401217
0.000976562	-0.458072	0.194784	0.243623	0.137145	0.519244	-0.308425
0.000976562	-0.414983	-0.0515545	-0.643013	-0.0303483	0.538952	-0.159037
0.000976562	0.504267	-1.48443	1.23118	0.249193	0.0612023	-0.414412
0.000976562	-0.413465	-0.423799	0.0674927	-0.0332473	0.334893	-0.399549
0.000976562	-0.1849	-0.157046	0.523577	0.30717	0.817922	-0.1106
0.000976562	0.620672	0.0775387	-0.252158	-0.354516	0.626278	-0.138276
0.000976562	-0.0972283	-0.75149	-0.163803	-0.370451	0.317468	0.150044
0.000976562	0.173162	-0.188632	-0.0770435	-1.08179	-0.519642	0.0921338
0.000976562	0.0671032	-0.249271	0.289724	0.572739	-0.947072	0.156345
0.000976562	1.01405	-0.752008	-0.0730308	0.27279	0.699751	0.323152
0.000976562	0.360037	-0.000357256	-0.114971	0.633815	-0.922301	-0.0435206
0.000976562	0.267751	0.576949	-1.39856	-0.66725	-0.0384425	0.119765
0.000976562	0.0228275	0.449792	0.206178	-0.445218	0.393319	-0.285509
0.000976562	-0.222754	-0.708101	-0.0331121	-0.121674	0.160266	-0.207172
0.000976562	2.19893	0.60997	0.962008	0.171279	0.309639	-0.361782
0.000976562	0.0767276	-1.15644	-0.900846	0.172977	0.329931	0.179311
0.000976562	-1.40186	-1.83802	0.118679	-0.0810261	-0.121249	-0.0736558
0.000976562	0.316041	0.431091	1.60684	-0.207408	-0.261234	0.168899
0.000976562	0.0544645	0.308041	0.131162	0.863755	-0.141475	-0.169046
0.000976562	-0.364392	0.570756	-0.275869	-0.267745	-0.889402	-0.229598
0.000976562	-0.254035	0.245208	-0.271872	0.498557	0.313101	0.779832
0.000976562	0.509804	-0.880285	-0.120631	-0.629399	-0.0693265	-0.26852
0.000976562	0.876735	0.265273	0.466832	0.795497	0.241076	-0.335642
0.000976562	-0.626995	-0.262231	-0.145433	-0.0168476	0.714916	0.720731
0.000976562	-0.355179	0.145004	0.0244439	0.894246	-0.0243845	0.0944596
0.000976562	-0.427092	0.350945	-1.32329	0.028893	-0.118101	0.406556
0.000976562	0.375174	-0.212798	0.175802	-0.836249	-0.838968	0.231915
0.000976562	-0.109104	0.527841	0.238115	-0.39638	-0.237271	0.345735
0.000976562	0.652394	-0.01243	0.719704	-0.788072	-0.279875	0.384018
0.000976562	0.0287819	-0.610508	-0.463921	-0.508299	0.310674	0.158019
0.000976562	0.0249657	0.513012	0.214051	-0.159544	-0.0573468	-0.248316
0.000976562	0.387636	0.327007	-0.27051	-0.136407	-0.57214	-0.691328
0.000976562	-2.82178	-1.39455	0.605967	-0.0645463	0.115169	-0.0956426
0.000976562	-1.78433	4.35422	4.23426	0.0366027	-0.0582991	-0.0565245
0.000976562	-2.59022	0.845658	0.423245	-0.144147	-0.0916546	-0.00851223
0.000976562	0.0961333	-0.312118	-0.295734	0.341953	-0.612123	0.740331
0.000976562	-0.207429	1.19278	0.0145436	0.338607	-0.286961	-0.406057
0.000976562	2.93023	-0.641825	1.10505	0.00943377	-0.0576289	-0.17244
0.000976562	-0.250654	-0.126527	0.150196	0.0997942	0.0780212	-0.914516
0.000976562	0.356912	0.331373	0.100376	0.107621	0.00607485	-0.485757
0.000976562	0.217756	0.315963	1.07934	0.130666	-0.526794	0.165568
0.000976562	-0.0295138	0.0865567	-0.00676978	-0.20062	0.0147658	-0.582333
0.000976562	0.311896	-0.149147	0.0880862	0.0421111	0.119421	0.956101
0.000976562	0.153658	-0.123738	0.162469	0.443151	-0.526314	-0.733814
0.000976562	-0.909868	-1.06018	0.10935	0.248303	-0.0808424	0.713175
0.000976562	-0.0206673	0.198134	-0.0506994	0.0643624	-0.221335	-0.434264
0.000976562	-0.271823	-0.234168	0.0960259	0.825886	0.256589	-0.55775
0.000976562	0.00367018	0.368803	-0.297246	0.00473839	-0.792969	-0.661585
0.000976562	-0.70393	0.422151	-0.480848	0.333379	-0.979524	-0.424275
0.000976562	-0.026907	0.087853	0.657364	-0.00872049	0.486441	-0.329819
0.000976562	1.21657	-2.74432	-4.27275	-0.104885	-0.0283172	0.511806
0.000976562	-0.224754	-1.25778	-1.37254	0.194315	-0.349785	-0.451072
0.000976562	-1.18064	-0.255231	0.474408	-0.0751372	-0.585805	-0.160817
0.000976562	-0.312433	0.418746	-0.498473	0.0995193	0.0666859	-0.181541
0.000976562	0.222682	0.240758	2.52499	0.0832213	0.419066	0.303031
0.000976562	-0.596976	0.551312	1.41565	0.318159	-0.237878	-0.204914
0.000976562	-0.322652	-0.111225	-0.0404351	0.741469	0.22682	-0.454736
0.000976562	0.0062958	0.339471	0.383548	-0.476077	-0.441023	-0.637039
0.000976562	-0.789033	-1.09894	0.616039	0.0131403	-0.0304968	0.0331648
0.000976562	-2.31693	-3.19002	1.48082	0.116946	-0.132356	-0.30078
0.000976562	0.72698	-0.0265099	-0.0262036	-0.672954	0.253024	-0.311808
0.000976562	-0.460533	0.207391	0.0164918	0.364085	-0.736238	-0.619984
0.000976562	-0.271928	0.586955	0.355981	0.563758	0.787313	0.229617
0.000976562	1.42149	-0.025121	0.823585	0.380983	0.177533	-0.383265
0.000976562	-0.35678	0.263488	-0.258639	0.347895	-0.527402	-1.05026
0.000976562	-0.432061	-0.0838711	0.245681	-0.117758	-0.166401	-0.477068
0.000976562	-0.280007	-0.180881	-0.0983435	-0.12039	-1.1469	-0.448954
0.000976562	-0.269702	0.232048	0.43723	-0.33359	-0.240288	-0.86487
0.000976562	0.145776	0.463946	0.492192	-0.440966	0.326876	-0.249177
0.000976562	0.26107	-0.559173	-0.145657	-0.385468	-0.641181	0.27181
0.000976562	-0.420085	-0.262913	-1.04715	-0.275685	0.460603	-0.135673
0.000976562	-0.809019	0.186267	0.0305867	0.0982893	-0.116017	-0.213689
0.000976562	0.13082	0.154208	-0.99946	-0.0498895	-0.0399289	0.375595
0.000976562	0.127973	0.270483	0.0686289	-0.116221	0.513945	0.550667
0.000976562	0.444903	-0.338982	0.639106	-0.232786	0.574568	0.136798
0.000976562	-0.224073	-0.103488	-0.412857	0.119787	0.29084	0.591645
0.000976562	3.72202	1.61714	-0.922019	-0.321091	-0.048504	-0.145972
0.000976562	0.200703	0.4323	0.213586	-0.130718	0.559307	0.236822
0.000976562	0.577524	1.87466	-1.12055	0.115721	-0.235278	0.0849545
0.000976562	-0.266752	-0.164041	-0.0477127	-0.589846	-0.263921	-0.23692
0.000976562	0.764795	0.511403	0.866586	0.617687	0.2252	0.36014
0.000976562	0.0619244	0.227861	0.761987	0.096497	-0.309461	0.275345
0.000976562	-0.16133	-0.0754263	0.236246	0.29061	0.263409	-0.649671
0.000976562	0.331101	0.618981	0.444129	-0.45482	-0.131703	0.760869
0.000976562	-0.035084	1.08155	0.882644	-0.706376	-0.0588104	0.361432
0.000976562	-0.181804	-0.327588	0.158189	0.741168	-0.141319	0.946947
0.000976562	0.220146	0.37107	-0.678096	0.854152	0.227797	0.0935494
0.000976562	0.219427	0.0894071	0.293095	0.922973	0.531288	0.646595
0.000976562	-0.0311487	0.277605	0.3656	0.593489	0.130949	-0.399097
0.000976562	0.0405097	0.0584888	0.0956203	-0.566053	0.643966	0.242371
0.000976562	0.339948	-2.38007	0.897525	-0.0306515	-0.326191	0.220441
0.000976562	-0.414367	-0.455192	-0.109594	0.216095	0.634059	-0.275278
0.000976562	1.63699	-0.438152	-0.0438004	0.0356584	-0.219639	0.456727
0.000976562	0.547335	-0.138391	0.833213	0.330595	0.0318938	0.394169
0.000976562	-0.420218	0.21631	-0.098861	-0.509965	0.269707	0.0315798
0.000976562	-0.485218	-0.239839	-0.119938	0.641441	-0.651887	-0.27938
0.000976562	0.901588	0.937129	0.160442	-0.333379	0.332091	0.782847
0.000976562	-0.182687	0.143013	-1.79476	-0.29882	0.176007	0.0286857
0.000976562	0.845584	0.33057	-0.521842	-0.211089	-0.0878099	-0.247226
0.000976562	0.867591	-0.325373	0.429961	-0.526687	-0.0913462	-0.563797
0.000976562	0.809161	0.128465	-1.09716	0.0226733	-0.255578	-0.708213
0.000976562	-2.35827	-1.05634	-1.71856	-0.0287068	0.189814	-0.207626
0.000976562	0.574833	-0.174849	-0.126299	0.539052	-0.361525	-0.783695
0.000976562	-0.505248	0.155944	0.287696	-0.364232	1.05574	-0.138812
0.000976562	-0.456366	1.01837	1.71237	-0.153948	-0.435955	0.0591877
0.000976562	10.8681	7.07227	-3.31915	-0.0730512	-0.0486119	-0.0140948
0.000976562	0.428612	-0.491273	0.814384	-0.240189	0.0727753	-0.689904
0.000976562	-0.211891	-0.337279	-0.496654	-0.0326179	-0.213823	-0.283422
0.000976562	0.379287	-1.05352	-0.541006	-0.274718	-0.0909969	0.411622
0.000976562	-1.1098	1.49611	0.649674	0.0616364	-0.0623684	0.489569
0.000976562	0.190167	-0.195058	0.800907	0.663011	0.408731	-0.844214
0.000976562	-0.46586	0.247805	0.478354	-0.340911	-0.107161	-0.265983
0.000976562	0.0331374	-0.0576402	-0.346755	-0.657592	-0.698623	0.309304
0.000976562	0.1504	0.766917	0.202901	-0.417181	0.605035	-0.218432
0.000976562	0.0195633	-0.105964	0.152339	-0.49465	-0.849955	-0.650696
0.000976562	0.784325	-0.446282	0.340527	-0.687479	0.377353	-0.0926534
0.000976562	0.51	-0.359066	0.036522	-0.32945	-0.666433	0.233777
0.000976562	-0.418328	0.382829	1.09699	0.201215	-0.329087	-0.165822
0.000976562	-0.567553	0.613081	-0.60455	0.522847	-0.0567429	-0.124712
0.000976562	0.630588	-0.291609	-6.15226	-0.251466	-0.0885023	-0.230003
0.000976562	0.528178	-0.081829	-0.159417	0.200469	0.598383	0.0185598
0.000976562	1.17706	0.26397	-0.75565	0.247706	-0.135842	-0.422953
0.000976562	-0.106198	0.323531	0.183768	-0.509165	-0.734051	0.18924
0.000976562	-0.286952	0.039136	-0.415732	-0.424004	0.234073	0.214677
0.000976562	-0.546002	0.621195	1.02929	0.506674	0.394848	0.658688
0.000976562	0.259447	0.0583069	-0.666527	-0.170483	0.0345363	-0.0975547
0.000976562	-1.02813	-1.51669	-0.26474	0.374797	0.234829	0.0694047
0.000976562	1.9326	0.83649	-1.2696	-0.0377892	0.231735	0.20353
0.000976562	-0.85017	-0.764702	0.0604192	0.538516	-0.348827	0.302478
0.000976562	0.187246	-0.224232	0.0664718	-0.804451	0.559748	0.563038
0.000976562	-0.150558	-0.538085	-0.67886	0.239	-0.52276	0.545786
0.000976562	-0.318187	-0.356943	0.570452	-0.033838	-0.266305	0.121695
0.000976562	-0.0368087	-1.2204	1.57228	0.438483	0.141833	0.385945
0.000976562	-0.139111	0.179482	0.196986	0.388797	-0.408253	0.109809
0.000976562	-0.146009	0.520912	-0.851352	-0.0884648	-0.257277	0.425049
0.000976562	-1.96492	1.06354	-0.673421	-0.467624	0.240624	-0.152144
0.000976562	0.0161059	-2.13391	-0.232625	0.327729	-0.148225	0.0392905
0.000976562	-0.301659	1.1566	-2.60713	0.0127136	0.251694	0.0504701